+254 794 704775
+254 790 670542
+254 746 080350

+254 743 681612

+254 705 686372

+254 748 246988

+254 714 280687

+254 705 053081
+254 718 740767

+254 757 434157

+254 796 916805

+254 717 797401

+254 703 389093

+254 701 227912
+254 746 417983

+254 743 682909

+254 706 736817

+254 759 004426

+254 750 933059

+254 725 581952
+254 114 324408

+254 714 217710

+254 746 483046

+254 105 987531

+254 797 876839

+254 738 987198
+254 716 528153

+254 717 065739

+254 769 928821

+254 792 975754

+254 790 525246

+254 796 485240
+254 797 680656

+254 797 347890

+254 742 535693

+254 796 351053

+254 700 671420

+254 797 650410
+254 758 483684

+254 700 683317

+254 793 625546

+254 715 666737

+254 759 330038

+254 740 967551
+254 705 703895

+254 740 570593

+254 795 572274

+254 700 171626

+254 115 394437

+254 794 650289
+254 708 945882

+254 718 365509

+254 712 395565

+254 116 800499

+254 714 935513

+254 763 124454
+254 725 460504

+254 798 363504

+254 718 392278

+254 790 670542

+254 722 326104

+254 702 628111

